 5 -588
-420   70
 366   23
-814  473
-855  892
 430  843
-975  920
 631   93
-117 -612
-212  371
  34 -793
 552  882
 483  -98
 696 -789
 732  189
-232  271
 130  382
-889  279
 337  480
 744 -328
 977  785
-363 -223
 759 -858
 896  238
-543  502
  89  645
  14  415
-571  686
 725 -774
 -33 -785
 962 -655
-928   64
-751 -250
 418  212
 596 -966
 582  907
 -16  787
-152 -211
-386  885
 333 -322
-856 -691
 712 -272
-504  563
-136  917
  20  453
 658  510
 817  989
-269 -989
-160  565
 561 -606
-982  168
-478  984
-871  371
 586 -845
-646 -889
-627  258
 568  852
 879  689
-724  657
 845  744
-190 -155
 978  112
 927 -500
 521 -763
-767  913
 539  524
  29  161
-848 -523
 117  531
-494  113
-162  256
 726  832
 210 -893
 290  756
 433 -201
-688  989
 163 -109
-899  782
-944  848
  -3 -429
 815 -677
 978   57
 699  305
 819  108
 795  829
 692 -937
-276 -891
   8  268
-568  635
-956  127
-326  654
 396  756
-570  606
 726  478
  61  715
 358  800
 305  683
 311 -731
-673  640
 131  646
-949  -65
 477  257
-309  142
-149  961
   0 -236
  74 -701
 159  444
-828  568
 381  325
 142  300
 368 -911
 823  430
-474 -332
 459  827
 523 -818
 -60 -718
 209  660
 739    4
 144 -616
 521  840
 115 -763
-915  881
-147 -586
 894    3
-123  982
 773  -62
 919 -631
 493  942
 682 -360
   9  873
-190 -352
-161  510
 -59 -484
-286  364
 432  757
  47 -119
 -66  389
 971  933
 350  809
-251  826
 994  913
-759  619
-353  -29
 725  557
 140   73
 905  584
 696  688
 162 -474
-346 -265
-703  344
 559  -53
-166 -887
 592  817
-235  773
 224  366
  90  625
 700 -859
 -83 -441
 427 -570
 998 -506
 694  472
-380  250
 274  615
-524   95
-597 -175
 854 -401
 396 -261
-223 -867
-259  533
-947  305
 859  279
-809  -51
 -13  164
 987 -102
 554    2
-714  725
 348  778
 839 -153
-695  628
 568  953
-717 -396
 528  623
 395  883
 891  109
 556 -359
 -80  841
 786  686
-519  934
-474  256
   3 -839
-305 -228
 920  245
 589  295
 651  102
 801 -455
 949  680
 329  743
  42  455
 802 -550
-575 -701
 280  494
-629 -574
-471 -358
 298  450
-180 -749
 -61 -802
 350  249
 -31 -176
-835 -899
-782   78
-874   27
 843   87
 927  811
-990  869
-629  671
 475 -951
-766  372
 270  650
 929  599
-873  725
-145  829
 743 -367
-171 -516
-905  264
 353  960
 -40  236
-430  315
 680 -894
-300  808
 736   74
 571 -695
 118 -688
 348  636
 769  -11
 999 -611
 342  486
 245 -676
 410  808
 694 -345
 933  171
-253  749
 239    9
 443  450
  95  164
 915  211
-465  912
-689  484
  15  655
-808 -597
 237 -395
 250  695
-540 -409
-110   -7
 520 -761
-255  185
 956  201
 518  363
 542  877
 668    3
-583 -915
 388  515
 521  553
-863   71
 539 -231
-509  701
-303  685
-468   36
 872 -836
 117 -173
-693  549
 460 -658
-155  829
-794 -860
 160  939
 858 -691
 663  455
 877  272
 932  694
 957  512
 396 -525
-841 -849
-249 -740
 369  241
  99  230
-659  826
 204  -65
 980  336
 353  605
 -22 -233
 367  982
 -88  187
  42  521
 985  635
 -76  256
 253  188
 736  239
-182  117
  16 -482
-194 -568
 529 -145
-796  804
 918   92
 552  933
 686  -86
 417  704
 108 -943
  98  177
 935 -428
 561  396
 879  582
-212 -729
-221  184
-171  384
  60 -363
-263  496
 664  768
 235 -330
 -32  682
 508 -448
 359 -764
 795 -899
 175  547
-351 -736
 397  817
 602  529
-779  131
 819 -925
 931  588
 813  317
 822  102
-253   70
 862  510
   0  219
 747 -734
 714 -135
-425  -93
 840 -795
 892  747
 837 -894
-847 -216
 648  229
 708  680
-181  912
-592  907
 680  528
 554  532
 449   18
-416 -940
 740  433
  88 -243
-453  909
  85  375
  22  284
 295  927
 575 -237
  84  186
-311  456
 255   19
-322  446
 343  276
-848   46
-750  994
 326 -594
 133  -28
 540 -738
 310 -631
-656 -310
-430  968
-678 -955
-183  910
 498  927
-768  326
 559  972
 226  146
 424  541
 422  523
-213  -22
-429 -165
-938  -17
 908 -991
 -35  915
-222   62
 373  272
 492 -856
-493 -462
-540  142
 551 -347
 281  966
-157 -112
 250  -31
-563  623
 990  679
-492  675
-713  993
 383  161
 138  281
-785 -340
 956  489
 299 -599
 485  253
 -89  583
-509  266
-922 -421
-432  719
-728 -303
 522 -502
 149  526
 675  -16
 624  407
 203  832
-602  492
 129 -122
-224 -894
 975  445
-861  589
-795 -194
 704 -313
 610 -807
 406  661
-441  932
 623  820
-385  546
 275 -150
-491  399
-634 -483
-409 -544
-569  645
  12  998
 572  997
-323 -188
 724  735
-292 -780
-325 -553
-354 -326
 -55  405
 855   73
 129  651
-219  -71
 515 -190
 539  619
-106 -907
-878  529
 364  887
 982 -401
-387  508
 175 -995
-325 -784
 320 -911
-503 -517
 719  372
 758  584
 685  611
 365 -910
 762  151
-233  596
 -39  578
 840  132
-704 -390
 472   62
-952  510
 143   24
 -82  -73
 848 -506
   4  940
 510  840
 944  439
-334  477
 894  406
-340 -415
-902 -379
-158  222
 721 -540
 323 -787
 378  956
-236 -935
 267   89
 298  445
-766  405
-686  222
 227 -506
 997  915
 595 -418
-177 -405
 445  590
 988  679
 923  327
 677 -118
 650 -792
 481  650
-171 -135
 812 -176
-496  342
-752  -32
 396  150
 804  847
 333  419
 954  862
 795 -367
-190  -95
-592  953
-619   47
 287   56
  50 -201
  75 -462
-510  170
 228  482
 104  780
-343  565
 850 -622
 178  192
-306 -290
 412  604
-629  519
 697  633
-776  561
 452  829
 812   36
 951   73
 789  581
 -61 -556
  90   72
-279  130
 868  864
-581 -524
 804  844
 -91  834
 442  652
 664  -96
 999  815
 163 -605
 762  140
-150  481
 614  709
-300  330
-514 -917
 417  208
 620  897
 933  129
-582  -26
-491  848
 296 -791
  27   98
 576 -880
 275 -594
 637 -307
 -50  575
-187  358
 956  980
 367 -616
-855  158
 708  740
-954  -83
 532 -408
-582 -879
 985  951
 423 -346
-848  775
 143  674
 138  763
-218 -808
-100 -480
 383  254
 539  305
 218  599
-696  673
  31  465
 719  445
 331  460
 419 -825
-422  884
-934   69
 678  684
-515  603
-406 -636
-342  547
 -59 -407
 493 -994
-449   -2
 473 -824
 658 -309
 208 -969
  50 -566
 679 -115
-124   49
 546  902
  97 -329
 246    0
-445 -301
-149  297
 495 -970
-390 -653
 101  950
 993  622
 971 -561
 598  491
-126 -925
-181 -215
 136  717
-631  398
  -9 -774
 868  938
-118   11
-445 -703
-662   50
 894 -701
-693   41
 380   55
  72  880
 118 -484
-212 -657
 940  836
-473  921
-273  685
 282  142
-605 -665
-178 -636
 561 -486
 478 -949
 287  378
  65 -175
-496 -325
-120 -772
 727  187
 487 -973
-493  -81
 440  186
 652 -921
 343 -860
-224  944
 841  897
 907  901
 -38  692
-955  596
  15 -637
 352  999
-224  472
-546 -585
-981  315
-255  -16
 682 -675
 990 -924
 851 -776
-393  104
-395  257
 963  771
 333  236
 810 -480
-422  794
 505   58
-368 -725
 105  232
 240  946
 565  213
-462  884
 325 -990
-943 -242
 371  652
-892 -939
 479 -955
 139 -189
-157  423
 755  676
 475 -321
  22 -378
 -69  338
-592  691
 691  948
 220  335
 348 -229
 817  809
 124  264
 946 -376
 695 -346
 642 -270
 340    1
-176  223
-579 -263
-615  688
 -43  287
 958 -996
 621  610
 796  416
-122 -210
 204   -4
 156  572
 858 -789
  19  782
 994 -713
-967 -161
 -86  259
 738  280
 569  195
 558 -825
-914  -98
 697  529
 972  655
-770  450
-440  -29
-607 -345
 651  192
 834 -807
-158  899
  77  735
  15 -559
 745 -361
 589 -252
 294  115
-179  589
-126 -635
 118 -202
 750 -783
-297  691
-724  997
 191  919
 765  671
-261 -770
 872   74
 183  328
  13   37
 369 -129
-731  570
-772  -68
 781  899
 547  809
 139  141
-554  908
 487 -358
 446 -368
 177  625
 858 -306
 666 -319
-396 -914
  52 -170
  92   31
-843 -551
 828  709
 383  155
 459  265
-280  -85
-257  691
 185   89
 534  512
 811  932
 291  -89
 774  106
 825  910
-262  210
-909 -451
-399   22
 625  580
 912  177
 945  199
 994  333
-332  486
 461 -444
-589  884
 297 -421
 671 -167
-130  905
-274  892
-646  277
 390  196
 935  955
 990  850
 836 -533
 243 -973
 725  985
 -75  -49
 402 -621
 169 -309
-221 -938
  66 -262
-881 -690
 760  734
-731 -582
 760 -624
-826  205
 312  511
-629  758
 789  802
-672   10
 873 -152
 541  790
 989  702
-918  317
 903  905
 -48 -253
-273 -315
  48 -645
 635  -77
 783 -778
 550 -396
 493 -147
-250  -31
 639   84
 -91 -568
 532  832
 458  397
-229 -231
 254  582
 -45 -157
 602  160
 356 -276
 406  125
 144 -303
-137  637
 576 -679
-489  777
  92 -752
 683  155
-329 -997
 454  109
 -41 -767
-984  852
-250  -38
-909  865
 167 -269
-518   59
 553  135
 110  815
 524  271
-947 -146
 902 -181
 934 -937
 302  143
 854  961
  53  663
 455 -804
 805  918
-803 -339
 708 -624
 995  233
 365  755
 414 -146
-124  885
-670  749
-737  510
 659  974
 327 -724
-881   98
 526 -808
 196 -106
-116 -724
 612 -836
 121  801
 339 -516
 228  588
 966  538
 468 -890
 623 -984
-487  860
-965 -457
 791 -623
 297   34
 440 -437
 975   10
 268  599
-239  903
  95 -411
-462  243
 452  285
-969  649
 207  850
 362   56
 944  312
 851  306
 103  664
 167  318
-195  -88
 536 -606
  63  211
 156  918
-341  306
-846 -291
 303 -132
-495  550
 988   57
-843 -902
-678 -310
 280 -747
 589  633
  51 -646
 824  843
 640 -905
 655 -729
 217  930
 969  270
 667  946
-526  641
 467 -385
 140  373
-313  722
-781  380
 460  825
  -9   14
-580   37
 798    5
 560 -279
 972 -382
-173 -335
 255  270
-745  749
-910  660
 994  732
 671  491
-289 -166
-907  340
 904 -943
-920 -118
 603  836
-161 -282
 451 -470
-656 -561
-209  477
  55  107
 555  984
-521 -574
 942 -633
-769 -976
 715 -560
 406  970
 738 -685
-162 -542
 870  139
 607  845
-281  589
 655  781
-106 -687
 645  938
 402  278
-615   61
-394 -941
-942  487
 765  415
 284   78
 624 -736
 562 -417
 687   56
-914  842
 928  -14
-916    5
 465  941
-134  876
 470  197
 555  -76
 -10  926
 151   86
 700  318
 989 -508
-300  841
 944  476
 346  442
-225  886
 907  -61
 -86  521
-696 -329
 691 -167
 589  599
-515  469
 -11 -521
 625 -861
-738  454
  29  376
-998 -481
 431 -705
  24  598
 -85  151
 461 -230
 954  666
-612   37
 607 -587
 844  467
 663  329
 -20 -937
 582  426
-295 -301
 883   71
 725 -309
 248  938
-895 -891
 100  615
-375 -154
 625  175
 119 -398
-682 -405
 695  450
  -5  797
 264  478
 -70 -682
 219   75
 252  112
 193  -95
-888  869
 864  330
-805  326
 529 -873
 180 -421
 800  647
-554  110
 163  364
